0 -9.750000 110.149994
0 -9.750000 113.649994
0 -9.750000 114.349998
0 -9.750000 129.449997
0 -9.750000 130.050003
0 -9.750000 132.250000
0 -9.750000 139.649994
0 -9.750000 140.149994
0 -9.650000 127.049995
0 -9.650000 128.449997
0 -9.650000 130.849991
0 -9.650000 131.349991
0 -9.550000 130.550003
0 -9.550000 136.349991
0 -9.550000 137.649994
0 -9.450000 102.349998
0 -9.450000 111.649994
0 -9.450000 125.649994
0 -9.450000 134.849991
0 -9.450000 136.949997
0 -9.349999 107.949997
0 -9.349999 110.750000
0 -9.349999 118.349998
0 -9.349999 123.250000
0 -9.349999 131.649994
0 -9.349999 133.449997
0 -9.250000 113.649994
0 -9.250000 136.349991
0 -9.150000 101.650002
0 -9.150000 112.349998
0 -9.150000 135.649994
0 -9.050000 114.349998
0 -9.050000 119.949997
0 -9.050000 132.649994
0 -9.050000 134.649994
0 -9.050000 137.149994
0 -8.950000 116.750000
0 -8.950000 132.349991
0 -8.950000 136.449997
0 -8.849999 105.349998
0 -8.849999 113.949997
0 -8.849999 115.049995
0 -8.849999 128.849991
0 -8.849999 131.750000
0 -8.849999 133.250000
0 -8.849999 138.149994
0 -8.849999 138.750000
0 -8.750000 113.449997
0 -8.750000 124.649994
0 -8.750000 133.550003
0 -8.750000 133.949997
0 -8.750000 137.550003
0 -8.750000 146.149994
0 -8.650000 103.250000
0 -8.650000 104.449997
0 -8.650000 132.550003
0 -8.650000 134.649994
0 -8.650000 136.949997
0 -8.550000 125.349998
0 -8.550000 125.849998
0 -8.550000 134.349991
0 -8.550000 135.349991
0 -8.550000 135.949997
0 -8.550000 137.250000
0 -8.450000 124.449997
0 -8.450000 137.649994
0 -8.349999 121.049995
0 -8.349999 133.349991
0 -8.250000 104.449997
0 -8.250000 122.849998
0 -8.250000 123.250000
0 -8.250000 128.050003
0 -8.150000 116.549995
0 -8.150000 122.449997
0 -7.950000 118.849998
0 -7.950000 123.349998
0 -7.850000 116.049995
0 -7.850000 117.949997
0 -7.850000 124.149994
0 -7.850000 127.949997
0 -7.750000 122.549995
0 -7.750000 127.250000
0 -7.650000 102.150002
0 -7.650000 120.649994
0 -7.650000 121.849998
0 -7.650000 134.449997
0 -7.550000 102.649994
0 -7.550000 119.849998
0 -7.550000 120.149994
0 -7.550000 124.750000
0 -7.550000 125.649994
0 -7.550000 129.050003
0 -7.550000 131.250000
0 -7.450000 115.149994
0 -7.450000 116.349998
0 -7.450000 121.349998
0 -7.450000 123.849998
0 -7.450000 126.349998
0 -7.450000 128.250000
0 -7.450000 132.050003
0 -7.450000 132.349991
0 -7.450000 137.550003
0 -7.450000 138.050003
0 -7.350000 116.849998
0 -7.250000 114.449997
0 -7.250000 115.449997
0 -7.250000 118.750000
0 -7.250000 125.349998
0 -7.250000 125.750000
0 -7.150000 120.349998
0 -7.150000 121.049995
0 -7.150000 126.149994
0 -7.150000 130.250000
0 -7.050000 101.549995
0 -7.050000 113.349998
0 -7.050000 115.149994
0 -7.050000 117.949997
0 -7.050000 120.750000
0 -7.050000 127.849998
0 -7.050000 136.949997
0 -6.950000 113.750000
0 -6.950000 118.349998
0 -6.950000 119.250000
0 -6.950000 122.250000
0 -6.950000 129.449997
0 -6.950000 136.050003
0 -6.750000 120.349998
0 -6.650000 121.250000
0 -6.650000 122.949997
0 -6.650000 124.750000
0 -6.650000 130.050003
0 -6.550000 123.250000
0 -6.550000 129.550003
0 -6.450000 113.549995
0 -6.450000 115.349998
0 -6.450000 122.250000
0 -6.450000 124.349998
0 -6.350000 112.149994
0 -6.350000 113.049995
0 -6.350000 130.750000
0 -6.250000 108.449997
0 -6.250000 117.049995
0 -6.250000 117.449997
0 -6.250000 119.750000
0 -6.250000 125.250000
0 -6.250000 126.649994
0 -6.250000 127.250000
0 -6.250000 128.149994
0 -6.150000 110.750000
0 -6.150000 115.149994
0 -6.150000 120.449997
0 -6.150000 129.550003
0 -6.050000 112.649994
0 -6.050000 114.149994
0 -6.050000 114.549995
0 -6.050000 115.449997
0 -6.050000 125.949997
0 -6.050000 128.649994
0 -6.050000 134.050003
0 -6.050000 136.750000
0 -6.050000 137.849991
0 -5.950000 122.250000
0 -5.950000 129.149994
0 -5.850000 111.449997
0 -5.850000 114.849998
0 -5.850000 118.149994
0 -5.850000 120.949997
0 -5.850000 124.949997
0 -5.850000 128.250000
0 -5.850000 148.349991
0 -5.750000 115.149994
0 -5.750000 119.149994
0 -5.750000 125.549995
0 -5.750000 135.849991
0 -5.750000 136.949997
0 -5.550000 110.549995
0 -5.550000 110.949997
0 -5.550000 117.649994
0 -5.550000 130.550003
0 -5.550000 133.849991
0 -5.550000 137.550003
0 -5.450000 107.149994
0 -5.450000 114.949997
0 -5.450000 116.250000
0 -5.450000 124.649994
0 -5.450000 127.049995
0 -5.450000 132.849991
0 -5.350000 101.449997
0 -5.350000 109.349998
0 -5.350000 109.750000
0 -5.350000 116.949997
0 -5.350000 124.949997
0 -5.350000 128.349991
0 -5.350000 130.149994
0 -5.250000 128.750000
0 -5.150000 115.349998
0 -5.150000 123.649994
0 -5.150000 126.849998
0 -5.150000 136.649994
0 -5.050000 114.250000
0 -5.050000 116.449997
0 -5.050000 116.750000
0 -4.950000 100.849998
0 -4.950000 111.349998
0 -4.950000 114.849998
0 -4.950000 133.849991
0 -4.850000 107.649994
0 -4.850000 125.750000
0 -4.750000 109.149994
0 -4.750000 110.349998
0 -4.750000 127.049995
0 -4.650000 135.149994
0 -4.550000 108.750000
0 -4.550000 125.049995
0 -4.550000 126.349998
0 -4.550000 129.649994
0 -4.550000 147.250000
0 -4.450000 111.250000
0 -4.450000 112.049995
0 -4.450000 116.949997
0 -4.350000 128.849991
0 -4.250000 110.949997
0 -4.250000 124.449997
0 -4.150000 114.349998
0 -4.150000 124.849998
0 -4.150000 129.550003
0 -4.050000 110.449997
0 -4.050000 123.949997
0 -4.050000 147.750000
0 -3.950000 108.049995
0 -3.950000 109.549995
0 -3.950000 111.049995
0 -3.950000 117.049995
0 -3.950000 148.149994
0 -3.850000 108.649994
0 -3.850000 119.049995
0 -3.850000 129.550003
0 -3.750000 109.250000
0 -3.750000 110.250000
0 -3.750000 119.449997
0 -3.750000 131.449997
0 -3.750000 147.250000
0 -3.650000 109.849998
0 -3.650000 147.949997
0 -3.550000 107.949997
0 -3.550000 117.349998
0 -3.450000 109.049995
0 -3.350000 124.750000
0 -3.350000 127.449997
0 -3.350000 135.149994
0 -3.350000 144.750000
0 -3.250000 117.949997
0 -3.250000 125.149994
0 -3.250000 147.449997
0 -3.250000 147.750000
0 -3.150000 108.449997
0 -3.150000 108.849998
0 -3.150000 116.549995
0 -3.150000 120.449997
0 -3.150000 120.949997
0 -3.150000 143.849991
0 -3.050000 126.849998
0 -2.950000 117.349998
0 -2.950000 123.849998
0 -2.950000 124.549995
0 -2.950000 144.949997
0 -2.950000 146.149994
0 -2.850000 144.550003
0 -2.650000 109.449997
0 -2.650000 130.550003
0 -2.650000 147.250000
0 -2.550000 125.750000
0 -2.550000 130.149994
0 -2.550000 145.149994
0 -2.550000 146.750000
0 -2.550000 148.250000
0 -2.450000 124.349998
0 -2.450000 131.550003
0 -2.350000 123.849998
0 -2.250000 129.149994
0 -2.250000 141.250000
0 -2.150000 107.849998
0 -2.150000 109.349998
0 -2.050000 147.250000
0 -1.950000 141.149994
0 -1.850000 116.750000
0 -1.750000 117.449997
0 -1.750000 144.349991
0 -1.650000 118.049995
0 -1.650000 134.449997
0 -1.650000 136.250000
0 -1.650000 147.250000
0 -1.550000 122.649994
0 -1.550000 145.849991
0 -1.450000 108.750000
0 -1.450000 135.349991
0 -1.450000 139.949997
0 -1.450000 143.849991
0 -1.450000 144.149994
0 -1.350000 118.449997
0 -1.350000 121.149994
0 -1.350000 140.849991
0 -1.350000 141.949997
0 -1.350000 147.349991
0 -1.250000 117.349998
0 -1.250000 139.149994
0 -1.150000 118.949997
0 -1.150000 123.849998
0 -1.050000 117.849998
0 -1.050000 129.849991
0 -1.050000 143.750000
0 -0.950000 124.250000
0 -0.950000 146.750000
0 -0.850000 123.849998
0 -0.850000 148.050003
0 -0.750000 108.250000
0 -0.750000 120.149994
0 -0.750000 130.849991
0 -0.750000 134.649994
0 -0.750000 141.250000
0 -0.650000 137.349991
0 -0.650000 139.449997
0 -0.650000 141.550003
0 -0.650000 143.550003
0 -0.550000 119.649994
0 -0.550000 131.149994
0 -0.550000 146.649994
0 -0.450000 116.449997
0 -0.450000 123.750000
0 -0.450000 140.349991
0 -0.350000 119.250000
0 -0.350000 121.250000
0 -0.350000 123.250000
0 -0.350000 125.449997
0 -0.350000 139.550003
0 -0.250000 115.949997
0 -0.250000 116.750000
0 -0.250000 117.149994
0 -0.250000 121.649994
0 -0.250000 125.049995
0 -0.250000 130.649994
0 -0.250000 137.349991
0 -0.250000 143.149994
0 -0.150000 122.549995
0 -0.150000 145.949997
0 -0.150000 146.449997
0 -0.050000 123.449997
0 -0.050000 126.750000
0 -0.050000 134.050003
0 -0.050000 138.949997
0 -0.050000 139.449997
0 -0.050000 148.050003
0 0.050000 114.849998
0 0.050000 115.349998
0 0.150000 117.750000
0 0.150000 121.849998
0 0.150000 137.649994
0 0.150000 144.349991
0 0.150000 146.750000
0 0.250000 118.149994
0 0.250000 119.449997
0 0.250000 120.649994
0 0.250000 128.849991
0 0.250000 137.349991
0 0.250000 139.349991
0 0.350000 106.649994
0 0.350000 119.149994
0 0.350000 139.649994
0 0.450000 106.049995
0 0.450000 115.750000
0 0.450000 125.949997
0 0.450000 131.449997
0 0.450000 133.550003
0 0.450000 134.349991
0 0.450000 134.849991
0 0.450000 136.050003
0 0.450000 136.750000
0 0.450000 141.050003
0 0.450000 146.349991
0 0.550000 113.449997
0 0.550000 146.050003
0 0.650000 119.750000
0 0.650000 125.549995
0 0.650000 135.750000
0 0.650000 147.149994
0 0.650000 147.849991
0 0.750000 105.649994
0 0.750000 128.349991
0 0.750000 129.550003
0 0.750000 141.750000
0 0.750000 143.550003
0 0.750000 146.349991
0 0.850000 129.949997
0 0.850000 130.750000
0 0.850000 140.550003
0 0.850000 142.949997
0 0.850000 147.449997
0 0.950000 113.549995
0 0.950000 129.149994
0 1.050000 104.849998
0 1.050000 142.550003
0 1.050000 145.750000
0 1.050000 146.849991
0 1.150000 105.250000
0 1.150000 132.649994
0 1.150000 134.750000
0 1.150000 138.849991
0 1.150000 141.449997
0 1.250000 138.250000
0 1.250000 144.649994
0 1.350000 107.250000
0 1.350000 118.949997
0 1.350000 135.050003
0 1.350000 140.349991
0 1.350000 143.550003
0 1.450000 105.349998
0 1.450000 131.349991
0 1.450000 134.550003
0 1.450000 141.149994
0 1.450000 143.149994
0 1.550000 123.149994
0 1.550000 125.849998
0 1.550000 126.649994
0 1.550000 136.949997
0 1.550000 138.250000
0 1.550000 141.449997
0 1.550000 146.449997
0 1.650000 133.449997
0 1.650000 148.149994
0 1.750000 114.049995
0 1.750000 142.050003
0 1.750000 142.949997
0 1.750000 144.449997
0 1.850000 135.550003
0 1.850000 136.449997
0 1.850000 138.250000
0 1.850000 141.449997
0 1.850000 145.550003
0 1.850000 147.550003
0 1.950000 108.549995
0 1.950000 110.250000
0 1.950000 135.149994
0 2.050000 107.949997
0 2.050000 110.750000
0 2.050000 132.750000
0 2.050000 137.750000
0 2.050000 142.750000
0 2.050000 145.050003
0 2.150000 102.150002
0 2.150000 106.349998
0 2.150000 124.149994
0 2.150000 130.050003
0 2.150000 131.649994
0 2.150000 134.250000
0 2.150000 139.750000
0 2.150000 140.550003
0 2.150000 143.750000
0 2.250000 141.149994
0 2.250000 144.149994
0 2.350000 110.549995
0 2.350000 118.750000
0 2.350000 136.949997
0 2.350000 139.349991
0 2.350000 143.250000
0 2.450000 123.049995
0 2.450000 132.449997
0 2.450000 134.750000
0 2.450000 135.349991
0 2.450000 142.149994
0 2.550000 114.449997
0 2.550000 118.449997
0 2.550000 129.750000
0 2.550000 132.849991
0 2.550000 138.250000
0 2.550000 139.750000
0 2.550000 141.449997
0 2.650000 129.149994
0 2.650000 135.849991
0 2.650000 138.949997
0 2.650000 142.750000
0 2.750000 109.149994
0 2.750000 118.750000
0 2.750000 133.550003
0 2.750000 134.050003
0 2.850000 114.750000
0 2.850000 131.750000
0 2.850000 146.949997
0 2.950000 140.750000
0 2.950000 142.349991
0 3.050000 109.750000
0 3.050000 111.250000
0 3.050000 133.149994
0 3.050000 134.449997
0 3.050000 134.750000
0 3.050000 135.149994
0 3.050000 135.649994
0 3.050000 143.250000
0 3.050000 144.149994
0 3.150000 141.649994
0 3.250000 132.750000
0 3.250000 140.750000
0 3.250000 141.349991
0 3.250000 146.649994
0 3.350000 100.750000
0 3.350000 116.250000
0 3.350000 123.250000
0 3.350000 132.449997
0 3.350000 138.149994
0 3.350000 140.149994
0 3.450000 111.250000
0 3.450000 117.449997
0 3.450000 127.949997
0 3.450000 142.050003
0 3.550000 130.949997
0 3.650000 126.750000
0 3.650000 127.250000
0 3.650000 130.250000
0 3.650000 132.149994
0 3.650000 135.849991
0 3.650000 140.050003
0 3.650000 141.250000
0 3.750000 133.649994
0 3.750000 135.050003
0 3.750000 137.849991
0 3.850000 115.149994
0 3.950000 131.250000
0 3.950000 134.550003
0 3.950000 141.250000
0 3.950000 141.649994
0 4.050000 119.549995
0 4.050000 121.049995
0 4.050000 134.050003
0 4.050000 138.550003
0 4.150000 113.049995
0 4.150000 120.549995
0 4.150000 135.849991
0 4.150000 145.849991
0 4.250000 119.049995
0 4.250000 127.949997
0 4.250000 137.449997
0 4.250000 140.550003
0 4.350000 130.250000
0 4.350000 132.949997
0 4.350000 133.449997
0 4.350000 135.149994
0 4.350000 141.849991
0 4.450000 119.949997
0 4.450000 131.649994
0 4.450000 140.050003
0 4.550000 119.149994
0 4.550000 122.349998
0 4.550000 137.250000
0 4.550000 140.750000
0 4.650000 115.549995
0 4.650000 116.049995
0 4.650000 128.349991
0 4.650000 133.250000
0 4.650000 135.250000
0 4.650000 139.449997
0 4.750000 119.949997
0 4.750000 121.049995
0 4.750000 131.349991
0 4.750000 135.550003
0 4.850000 114.849998
0 4.850000 136.949997
0 4.850000 137.750000
0 4.850000 141.750000
0 4.950000 145.649994
0 5.050000 112.949997
0 5.050000 135.050003
0 5.250000 138.750000
0 5.250000 140.050003
0 5.250000 145.649994
0 5.350000 121.949997
0 5.350000 129.449997
0 5.350000 136.849991
0 5.350000 137.849991
0 5.350000 145.149994
0 5.450000 137.349991
0 5.550000 132.550003
0 5.550000 141.849991
0 5.650000 121.049995
0 5.650000 135.349991
0 5.750000 121.449997
0 5.750000 137.050003
0 5.850000 131.649994
0 5.850000 139.949997
0 5.950000 137.949997
0 5.950000 141.149994
0 6.050000 135.250000
0 6.050000 136.550003
0 6.150000 117.949997
0 6.250000 144.449997
0 6.350000 143.949997
0 6.450000 138.050003
0 6.450000 140.250000
0 6.450000 141.750000
0 6.550000 136.750000
0 6.750000 122.649994
0 6.750000 139.649994
0 6.750000 141.750000
0 6.750000 142.949997
0 6.850000 138.050003
0 6.850000 142.550003
0 6.850000 143.449997
0 6.950000 137.550003
0 6.950000 143.949997
0 7.050000 142.050003
0 7.150000 122.549995
0 7.150000 122.949997
0 7.150000 131.550003
0 7.150000 133.750000
0 7.150000 141.649994
0 7.150000 142.449997
0 7.250000 141.349991
0 7.250000 143.250000
0 7.350000 127.649994
0 7.350000 134.149994
0 7.350000 134.849991
0 7.350000 140.250000
0 7.350000 142.949997
0 7.450000 120.549995
0 7.450000 137.949997
0 7.450000 144.449997
0 7.550000 143.550003
0 7.550000 144.050003
0 7.650000 131.449997
0 7.650000 137.349991
0 7.650000 138.250000
0 7.750000 140.550003
0 7.750000 145.050003
0 7.850000 132.349991
0 7.950000 129.250000
0 7.950000 138.649994
0 8.050000 126.949997
0 8.050000 144.449997
0 8.150000 126.649994
0 8.250000 101.750000
0 8.250000 111.449997
0 8.250000 132.349991
0 8.250000 143.449997
0 8.250000 143.750000
0 8.450000 129.149994
0 8.450000 137.649994
0 8.550000 123.349998
0 8.550000 126.549995
0 8.550000 131.550003
0 8.550000 138.750000
0 8.550000 146.050003
0 8.650000 131.149994
0 8.650000 136.649994
0 8.650000 139.050003
0 8.750000 128.949997
0 8.849999 143.449997
0 8.950000 130.149994
0 8.950000 136.050003
0 9.050000 139.449997
0 9.150000 131.849991
0 9.150000 143.750000
0 9.150000 145.849991
0 9.250000 126.549995
0 9.250000 133.649994
0 9.250000 136.050003
0 9.349999 135.649994
0 9.450000 129.349991
0 9.450000 137.449997
0 9.450000 138.849991
0 9.450000 144.550003
0 9.550000 128.449997
0 9.550000 129.849991
0 9.550000 132.949997
0 9.550000 141.949997
0 9.550000 144.050003
1 -9.750000 110.250000
1 -9.750000 118.250000
1 -9.750000 126.149994
1 -9.750000 126.949997
1 -9.750000 128.349991
1 -9.750000 132.449997
1 -9.750000 137.449997
1 -9.650000 116.149994
1 -9.650000 129.449997
1 -9.650000 130.949997
1 -9.650000 131.449997
1 -9.650000 135.949997
1 -9.550000 102.549995
1 -9.550000 112.750000
1 -9.550000 117.250000
1 -9.550000 125.549995
1 -9.550000 133.649994
1 -9.550000 136.849991
1 -9.450000 111.549995
1 -9.450000 113.349998
1 -9.450000 131.750000
1 -9.450000 133.149994
1 -9.450000 137.349991
1 -9.349999 111.849998
1 -9.349999 122.849998
1 -9.349999 128.449997
1 -9.349999 129.449997
1 -9.349999 134.750000
1 -9.250000 123.449997
1 -9.250000 136.550003
1 -9.250000 139.149994
1 -9.150000 111.549995
1 -9.150000 126.349998
1 -9.050000 112.449997
1 -9.050000 113.849998
1 -9.050000 127.849998
1 -9.050000 132.550003
1 -9.050000 135.849991
1 -8.950000 112.750000
1 -8.950000 115.049995
1 -8.950000 137.849991
1 -8.950000 138.149994
1 -8.950000 138.949997
1 -8.849999 112.149994
1 -8.849999 114.349998
1 -8.849999 131.849991
1 -8.849999 133.250000
1 -8.849999 138.649994
1 -8.750000 103.250000
1 -8.750000 103.649994
1 -8.750000 133.750000
1 -8.750000 135.349991
1 -8.650000 132.449997
1 -8.650000 137.550003
1 -8.550000 124.750000
1 -8.550000 125.750000
1 -8.550000 134.050003
1 -8.550000 134.449997
1 -8.550000 136.849991
1 -8.550000 137.250000
1 -8.450000 121.250000
1 -8.450000 133.750000
1 -8.349999 121.649994
1 -8.349999 129.750000
1 -8.349999 132.649994
1 -8.349999 133.050003
1 -8.349999 135.750000
1 -8.250000 104.449997
1 -8.250000 115.849998
1 -8.250000 118.349998
1 -8.250000 119.649994
1 -8.250000 122.250000
1 -8.150000 100.949997
1 -8.150000 129.349991
1 -8.050000 116.449997
1 -8.050000 124.049995
1 -8.050000 128.250000
1 -7.950000 122.449997
1 -7.950000 125.549995
1 -7.950000 127.949997
1 -7.950000 131.649994
1 -7.950000 137.949997
1 -7.850000 104.949997
1 -7.850000 115.149994
1 -7.850000 115.449997
1 -7.850000 117.250000
1 -7.850000 117.849998
1 -7.850000 121.849998
1 -7.850000 123.049995
1 -7.850000 136.050003
1 -7.750000 124.149994
1 -7.650000 119.149994
1 -7.650000 120.750000
1 -7.650000 123.649994
1 -7.650000 136.949997
1 -7.550000 115.649994
1 -7.550000 116.349998
1 -7.550000 120.149994
1 -7.550000 122.750000
1 -7.550000 124.750000
1 -7.550000 125.750000
1 -7.550000 127.949997
1 -7.550000 137.449997
1 -7.550000 137.949997
1 -7.450000 127.549995
1 -7.350000 125.049995
1 -7.350000 126.750000
1 -7.350000 147.449997
1 -7.250000 114.449997
1 -7.250000 125.649994
1 -7.150000 118.549995
1 -7.150000 126.250000
1 -7.150000 127.849998
1 -7.150000 136.949997
1 -7.150000 137.250000
1 -7.050000 119.149994
1 -7.050000 122.349998
1 -7.050000 127.349998
1 -7.050000 128.649994
1 -7.050000 130.550003
1 -6.950000 118.049995
1 -6.950000 121.750000
1 -6.950000 129.250000
1 -6.950000 129.550003
1 -6.850000 120.449997
1 -6.850000 126.549995
1 -6.850000 136.250000
1 -6.850000 137.149994
1 -6.750000 123.149994
1 -6.750000 125.049995
1 -6.750000 143.050003
1 -6.650000 105.449997
1 -6.650000 121.549995
1 -6.650000 122.750000
1 -6.650000 125.750000
1 -6.550000 113.349998
1 -6.550000 122.250000
1 -6.550000 147.349991
1 -6.450000 110.349998
1 -6.450000 112.149994
1 -6.450000 123.250000
1 -6.450000 127.750000
1 -6.450000 128.250000
1 -6.450000 128.550003
1 -6.350000 115.449997
1 -6.350000 126.649994
1 -6.250000 108.449997
1 -6.250000 112.549995
1 -6.250000 112.949997
1 -6.250000 120.449997
1 -6.250000 123.849998
1 -6.250000 126.049995
1 -6.250000 129.550003
1 -6.250000 134.050003
1 -6.250000 146.750000
1 -6.150000 115.949997
1 -6.150000 118.250000
1 -6.150000 121.449997
1 -6.150000 125.750000
1 -6.050000 114.250000
1 -6.050000 117.149994
1 -6.050000 120.750000
1 -6.050000 125.049995
1 -5.950000 106.849998
1 -5.950000 114.949997
1 -5.950000 122.049995
1 -5.950000 127.549995
1 -5.850000 107.549995
1 -5.850000 112.750000
1 -5.850000 114.649994
1 -5.850000 119.149994
1 -5.850000 134.050003
1 -5.750000 111.250000
1 -5.750000 117.949997
1 -5.750000 124.750000
1 -5.750000 135.849991
1 -5.750000 136.750000
1 -5.750000 145.849991
1 -5.650000 110.549995
1 -5.650000 125.149994
1 -5.650000 125.549995
1 -5.550000 110.849998
1 -5.550000 119.149994
1 -5.550000 127.049995
1 -5.550000 130.349991
1 -5.550000 132.949997
1 -5.550000 133.750000
1 -5.450000 109.349998
1 -5.450000 114.449997
1 -5.450000 115.049995
1 -5.450000 115.549995
1 -5.450000 117.049995
1 -5.450000 117.349998
1 -5.450000 122.250000
1 -5.450000 123.849998
1 -5.450000 129.149994
1 -5.450000 137.250000
1 -5.350000 117.849998
1 -5.350000 128.849991
1 -5.350000 134.550003
1 -5.250000 100.349998
1 -5.250000 108.649994
1 -5.250000 109.049995
1 -5.250000 112.449997
1 -5.250000 120.549995
1 -5.250000 126.849998
1 -5.250000 132.050003
1 -5.150000 118.949997
1 -5.150000 122.250000
1 -5.150000 128.550003
1 -5.150000 129.849991
1 -5.150000 133.750000
1 -5.150000 136.750000
1 -4.950000 115.250000
1 -4.950000 125.649994
1 -4.950000 135.149994
1 -4.950000 142.949997
1 -4.850000 126.349998
1 -4.850000 126.949997
1 -4.750000 115.949997
1 -4.750000 125.149994
1 -4.750000 129.649994
1 -4.650000 116.649994
1 -4.650000 142.949997
1 -4.550000 108.649994
1 -4.550000 131.750000
1 -4.550000 140.349991
1 -4.550000 147.649994
1 -4.450000 128.849991
1 -4.350000 147.250000
1 -4.250000 111.250000
1 -4.250000 111.750000
1 -4.250000 114.349998
1 -4.250000 124.449997
1 -4.250000 124.849998
1 -4.150000 106.549995
1 -4.050000 109.949997
1 -4.050000 125.149994
1 -3.950000 109.250000
1 -3.950000 110.449997
1 -3.950000 116.949997
1 -3.950000 119.049995
1 -3.950000 129.550003
1 -3.950000 146.949997
1 -3.850000 147.550003
1 -3.750000 108.049995
1 -3.750000 131.649994
1 -3.550000 106.849998
1 -3.550000 124.949997
1 -3.550000 130.949997
1 -3.450000 117.250000
1 -3.450000 118.349998
1 -3.450000 124.649994
1 -3.450000 135.050003
1 -3.350000 109.849998
1 -3.250000 116.649994
1 -3.250000 117.949997
1 -3.250000 147.250000
1 -3.150000 109.250000
1 -3.150000 123.849998
1 -3.050000 145.750000
1 -3.050000 146.149994
1 -2.950000 109.549995
1 -2.950000 130.849991
1 -2.950000 135.149994
1 -2.950000 146.849991
1 -2.850000 117.349998
1 -2.850000 144.349991
1 -2.750000 130.449997
1 -2.750000 146.550003
1 -2.650000 109.250000
1 -2.650000 124.449997
1 -2.650000 125.649994
1 -2.650000 126.949997
1 -2.650000 146.949997
1 -2.550000 135.550003
1 -2.450000 128.949997
1 -2.450000 131.349991
1 -2.450000 135.050003
1 -2.350000 130.050003
1 -2.350000 144.449997
1 -2.250000 118.149994
1 -2.150000 109.449997
1 -2.150000 117.649994
1 -2.050000 117.349998
1 -2.050000 146.050003
1 -2.050000 147.050003
1 -1.950000 121.849998
1 -1.950000 145.349991
1 -1.850000 140.949997
1 -1.850000 144.449997
1 -1.750000 118.349998
1 -1.650000 118.049995
1 -1.650000 136.050003
1 -1.550000 122.750000
1 -1.550000 141.649994
1 -1.550000 145.649994
1 -1.450000 123.949997
1 -1.450000 143.849991
1 -1.450000 146.649994
1 -1.350000 117.949997
1 -1.350000 147.149994
1 -1.250000 118.549995
1 -1.250000 120.750000
1 -1.250000 138.949997
1 -1.250000 140.649994
1 -1.250000 141.949997
1 -1.150000 123.149994
1 -1.150000 124.549995
1 -1.150000 134.949997
1 -1.150000 139.849991
1 -1.150000 142.349991
1 -1.050000 117.949997
1 -0.950000 126.250000
1 -0.950000 139.349991
1 -0.950000 145.349991
1 -0.850000 108.250000
1 -0.850000 134.449997
1 -0.850000 147.849991
1 -0.750000 123.849998
1 -0.750000 143.349991
1 -0.650000 130.949997
1 -0.650000 141.250000
1 -0.550000 116.349998
1 -0.550000 119.349998
1 -0.550000 123.449997
1 -0.550000 126.049995
1 -0.550000 134.149994
1 -0.450000 117.649994
1 -0.450000 123.149994
1 -0.450000 140.050003
1 -0.450000 142.349991
1 -0.450000 146.449997
1 -0.350000 107.750000
1 -0.250000 116.649994
1 -0.250000 121.649994
1 -0.250000 122.149994
1 -0.250000 136.750000
1 -0.250000 143.050003
1 -0.250000 145.050003
1 -0.150000 107.349998
1 -0.150000 142.250000
1 -0.150000 142.550003
1 -0.050000 115.250000
1 -0.050000 123.549995
1 -0.050000 139.250000
1 -0.050000 147.849991
1 0.050000 119.649994
1 0.050000 125.149994
1 0.050000 133.750000
1 0.050000 134.750000
1 0.050000 145.750000
1 0.150000 117.849998
1 0.150000 122.250000
1 0.150000 142.550003
1 0.150000 143.550003
1 0.250000 118.449997
1 0.250000 124.750000
1 0.250000 133.349991
1 0.250000 137.149994
1 0.350000 120.649994
1 0.350000 146.149994
1 0.350000 146.550003
1 0.450000 113.549995
1 0.450000 115.049995
1 0.450000 136.250000
1 0.450000 136.550003
1 0.450000 138.949997
1 0.450000 140.550003
1 0.550000 106.149994
1 0.550000 126.349998
1 0.550000 134.550003
1 0.650000 135.550003
1 0.650000 140.849991
1 0.650000 141.449997
1 0.650000 143.449997
1 0.650000 145.050003
1 0.750000 128.250000
1 0.750000 144.349991
1 0.750000 145.849991
1 0.850000 138.250000
1 0.850000 147.149994
1 0.950000 105.750000
1 0.950000 116.750000
1 0.950000 140.349991
1 0.950000 142.649994
1 0.950000 146.349991
1 1.050000 122.750000
1 1.050000 131.449997
1 1.050000 133.949997
1 1.050000 141.250000
1 1.050000 143.449997
1 1.150000 147.550003
1 1.250000 125.649994
1 1.250000 132.349991
1 1.250000 134.750000
1 1.250000 140.250000
1 1.250000 142.250000
1 1.250000 144.449997
1 1.350000 130.649994
1 1.350000 131.149994
1 1.350000 132.949997
1 1.350000 137.449997
1 1.350000 146.149994
1 1.450000 118.549995
1 1.450000 133.449997
1 1.450000 145.050003
1 1.550000 105.449997
1 1.550000 121.849998
1 1.550000 136.550003
1 1.550000 136.949997
1 1.550000 138.050003
1 1.550000 139.849991
1 1.550000 143.050003
1 1.550000 147.849991
1 1.650000 132.750000
1 1.650000 139.349991
1 1.750000 141.149994
1 1.750000 141.649994
1 1.750000 146.050003
1 1.850000 135.949997
1 1.850000 140.649994
1 1.850000 142.449997
1 1.950000 110.250000
1 1.950000 134.849991
1 1.950000 139.649994
1 1.950000 143.149994
1 1.950000 143.449997
1 2.050000 109.750000
1 2.050000 130.050003
1 2.050000 132.649994
1 2.050000 142.750000
1 2.050000 143.949997
1 2.050000 144.750000
1 2.050000 146.949997
1 2.150000 108.149994
1 2.150000 110.849998
1 2.150000 132.349991
1 2.150000 134.050003
1 2.150000 135.750000
1 2.150000 139.349991
1 2.150000 140.949997
1 2.250000 118.649994
1 2.250000 131.449997
1 2.250000 143.149994
1 2.250000 144.449997
1 2.350000 122.949997
1 2.350000 135.050003
1 2.350000 136.649994
1 2.350000 137.250000
1 2.450000 132.250000
1 2.450000 140.750000
1 2.450000 141.750000
1 2.550000 114.649994
1 2.550000 134.050003
1 2.550000 134.349991
1 2.550000 134.750000
1 2.550000 135.649994
1 2.550000 138.750000
1 2.550000 139.550003
1 2.650000 109.250000
1 2.650000 110.349998
1 2.750000 133.250000
1 2.750000 135.050003
1 2.750000 138.449997
1 2.750000 146.550003
1 2.850000 130.349991
1 2.850000 135.550003
1 2.850000 138.050003
1 2.850000 140.449997
1 2.950000 109.149994
1 2.950000 109.649994
1 2.950000 111.149994
1 2.950000 141.149994
1 2.950000 141.449997
1 2.950000 141.949997
1 2.950000 142.849991
1 2.950000 143.649994
1 3.050000 110.049995
1 3.050000 134.550003
1 3.050000 142.550003
1 3.050000 146.349991
1 3.150000 118.049995
1 3.150000 118.949997
1 3.150000 132.949997
1 3.150000 140.750000
1 3.250000 128.849991
1 3.250000 133.449997
1 3.250000 133.849991
1 3.250000 134.949997
1 3.250000 140.050003
1 3.350000 132.449997
1 3.450000 110.250000
1 3.450000 126.349998
1 3.450000 135.250000
1 3.450000 139.250000
1 3.450000 141.649994
1 3.550000 100.650002
1 3.550000 126.750000
1 3.550000 127.549995
1 3.550000 128.449997
1 3.550000 143.649994
1 3.650000 109.949997
1 3.650000 130.149994
1 3.650000 131.949997
1 3.650000 132.349991
1 3.650000 139.649994
1 3.750000 120.250000
1 3.750000 130.849991
1 3.750000 137.649994
1 3.850000 115.149994
1 3.850000 121.049995
1 3.850000 137.050003
1 3.850000 140.750000
1 3.950000 133.149994
1 3.950000 134.250000
1 3.950000 145.449997
1 4.050000 118.649994
1 4.050000 119.449997
1 4.050000 129.750000
1 4.150000 114.750000
1 4.150000 127.949997
1 4.150000 135.550003
1 4.150000 141.449997
1 4.250000 134.750000
1 4.250000 141.849991
1 4.350000 113.149994
1 4.350000 118.949997
1 4.350000 130.949997
1 4.350000 131.349991
1 4.350000 139.550003
1 4.450000 119.349998
1 4.450000 119.849998
1 4.450000 128.250000
1 4.450000 139.149994
1 4.450000 140.149994
1 4.450000 142.250000
1 4.550000 132.949997
1 4.650000 115.549995
1 4.650000 120.549995
1 4.650000 131.550003
1 4.750000 114.750000
1 4.750000 136.649994
1 4.750000 141.250000
1 4.750000 146.050003
1 4.850000 139.149994
1 4.950000 130.250000
1 4.950000 133.250000
1 4.950000 135.149994
1 5.050000 112.750000
1 5.050000 131.050003
1 5.050000 139.649994
1 5.150000 132.849991
1 5.150000 138.349991
1 5.150000 141.250000
1 5.150000 147.149994
1 5.250000 134.849991
1 5.250000 136.349991
1 5.250000 139.349991
1 5.350000 136.849991
1 5.350000 140.849991
1 5.450000 137.149994
1 5.450000 140.550003
1 5.450000 146.349991
1 5.550000 139.349991
1 5.650000 121.149994
1 5.650000 135.050003
1 5.650000 145.750000
1 5.650000 147.649994
1 5.750000 121.449997
1 5.750000 133.449997
1 5.750000 136.750000
1 5.850000 139.449997
1 5.950000 118.949997
1 5.950000 136.250000
1 5.950000 146.550003
1 6.050000 137.449997
1 6.050000 148.349991
1 6.150000 131.449997
1 6.150000 139.649994
1 6.250000 129.149994
1 6.250000 130.750000
1 6.250000 134.750000
1 6.250000 136.449997
1 6.250000 143.849991
1 6.350000 143.449997
1 6.450000 121.649994
1 6.450000 122.449997
1 6.550000 134.750000
1 6.550000 136.349991
1 6.550000 137.349991
1 6.550000 142.250000
1 6.650000 139.149994
1 6.650000 143.750000
1 6.750000 133.349991
1 6.750000 141.250000
1 6.750000 142.949997
1 6.850000 120.349998
1 6.850000 136.550003
1 6.850000 143.449997
1 6.950000 123.649994
1 6.950000 137.649994
1 7.050000 136.250000
1 7.050000 141.550003
1 7.050000 142.149994
1 7.150000 122.849998
1 7.150000 143.849991
1 7.150000 144.449997
1 7.250000 122.349998
1 7.250000 131.449997
1 7.250000 136.849991
1 7.350000 137.550003
1 7.350000 137.849991
1 7.350000 139.750000
1 7.350000 142.550003
1 7.350000 143.449997
1 7.450000 133.949997
1 7.450000 141.149994
1 7.450000 145.550003
1 7.650000 134.349991
1 7.650000 144.550003
1 7.750000 131.250000
1 7.750000 137.849991
1 7.750000 140.050003
1 7.850000 136.750000
1 7.850000 138.250000
1 7.850000 143.250000
1 7.950000 127.549995
1 7.950000 128.050003
1 7.950000 128.449997
1 7.950000 143.750000
1 8.050000 126.949997
1 8.050000 129.149994
1 8.050000 137.349991
1 8.050000 145.149994
1 8.250000 144.550003
1 8.349999 111.449997
1 8.349999 132.050003
1 8.349999 142.849991
1 8.450000 133.949997
1 8.450000 137.949997
1 8.450000 138.250000
1 8.550000 126.349998
1 8.550000 136.949997
1 8.550000 138.649994
1 8.650000 110.349998
1 8.849999 130.849991
1 8.849999 135.750000
1 8.950000 128.649994
1 8.950000 142.949997
1 9.050000 110.549995
1 9.050000 138.849991
1 9.150000 131.649994
1 9.150000 135.649994
1 9.150000 143.349991
1 9.250000 126.349998
1 9.250000 137.250000
1 9.349999 128.949997
1 9.450000 132.849991
1 9.450000 138.449997
1 9.550000 111.250000
1 9.550000 135.750000
1 9.550000 136.550003
1 9.550000 139.349991
1 9.550000 145.149994
